Matrix  : msc23052
File    : /home/abdulfe/esmail-files/benching_sTiles/suit/coo/msc23052.coo
n       : 23052
nnz     : 588933
Runs    : 10

==================================================================
tile    tile_type   threads   chol_avg (s)      selinv_avg (s)    
------------------------------------------------------------------
40      0           1         0.657506          0.922908          
40      0           2         0.364788          0.535903          
40      0           4         0.196813          0.322816          
40      0           8         0.112316          0.228498          
40      0           16        0.0781779         0.233594          
40      0           32        0.0773432         0.277889          
40      0           50        0.113406          0.294577          
------------------------------------------------------------------
40      1           1         0.791451          5.31155           
40      1           2         0.357157          2.83584           
40      1           4         0.205796          1.53897           
40      1           8         0.121826          0.912011          
40      1           16        0.0904929         0.749291          
40      1           32        0.0871506         1.07039           
40      1           50        0.116881          1.23371           
------------------------------------------------------------------
120     0           1         0.437227          0.882648          
120     0           2         0.237624          0.520579          
120     0           4         0.133046          0.338204          
120     0           8         0.0844053         0.310512          
120     0           16        0.0856324         0.329017          
120     0           32        0.136781          0.423672          
120     0           50        0.192695          0.48261           
------------------------------------------------------------------
120     1           1         0.42956           5.15868           
120     1           2         0.217951          2.77221           
120     1           4         0.123947          1.68909           
120     1           8         0.0849847         1.60088           
120     1           16        0.0848729         1.77052           
120     1           32        0.121658          2.27941           
120     1           50        0.144949          2.75499           
==================================================================
